   beta1  power_v1_model_unweighted
0  0.008                     0.4225
1  0.015                     0.8585
       sd  beta1  power_alpha05  power_holm_worst
0   0.015  0.004         0.4170            0.2015
1   0.015  0.006         0.7285            0.4930
2   0.015  0.008         0.9210            0.7755
3   0.015  0.010         0.9865            0.9265
4   0.015  0.015         1.0000            0.9990
5   0.020  0.004         0.3035            0.1070
6   0.020  0.006         0.5205            0.2740
7   0.020  0.008         0.7260            0.4820
8   0.020  0.010         0.8905            0.7080
9   0.020  0.015         0.9980            0.9785
10  0.030  0.004         0.1595            0.0550
11  0.030  0.006         0.2910            0.1095
12  0.030  0.008         0.4030            0.1945
13  0.030  0.010         0.5660            0.3440
14  0.030  0.015         0.8865            0.7125
      sd  true_mean_T1  power_one_sided_025  power_holm_worst
0  0.015        -0.005               1.0000            0.9960
1  0.015         0.000               0.9555            0.8245
2  0.015         0.003               0.7475            0.4770
3  0.020        -0.005               0.9900            0.9295
4  0.020         0.000               0.7850            0.5190
5  0.020         0.003               0.4820            0.2365
6  0.030        -0.005               0.8050            0.5355
7  0.030         0.000               0.4510            0.1990
8  0.030         0.003               0.2590            0.0870
      sd  true_mean_T3  power_alpha05  power_holm_worst
0  0.015         0.005         0.6230            0.3325
1  0.015         0.010         0.9945            0.9540
2  0.015         0.015         1.0000            1.0000
3  0.020         0.005         0.3815            0.1540
4  0.020         0.010         0.9145            0.7390
5  0.020         0.015         0.9995            0.9920
6  0.030         0.005         0.2270            0.0710
7  0.030         0.010         0.6065            0.3365
8  0.030         0.015         0.9110            0.7425
      sd  true_mean_contrast  power_alpha05  power_holm_worst
0   0.01              -0.002         0.5020            0.2395
1   0.01              -0.004         0.9830            0.9115
2   0.01              -0.005         0.9995            0.9855
3   0.01              -0.008         1.0000            1.0000
4   0.02              -0.002         0.1695            0.0450
5   0.02              -0.004         0.5130            0.2665
6   0.02              -0.005         0.7290            0.4505
7   0.02              -0.008         0.9795            0.9125
8   0.03              -0.002         0.1110            0.0270
9   0.03              -0.004         0.2815            0.1020
10  0.03              -0.005         0.4020            0.1680
11  0.03              -0.008         0.7580            0.5115
     sd  beta_interaction  power_alpha05  power_holm_worst
0  0.02            -0.002          0.473             0.243
1  0.02            -0.003          0.754             0.539
2  0.02            -0.005          0.987             0.948
3  0.03            -0.002          0.264             0.101
4  0.03            -0.003          0.490             0.256
5  0.03            -0.005          0.852             0.628
{'rows': 955, 'datasets': 237, 'rows_per_size': {100.0: 221, 166.0: 1, 171.0: 2, 180.0: 1, 200.0: 14, 202.0: 2, 213.0: 2, 219.0: 1, 221.0: 1, 228.0: 3, 236.0: 1, 242.0: 1, 250.0: 208, 256.0: 1, 261.0: 1, 272.0: 1, 295.0: 1, 322.0: 1, 329.0: 1, 334.0: 1, 366.0: 1, 369.0: 1, 376.0: 2, 400.0: 19, 417.0: 1, 424.0: 2, 432.0: 2, 444.0: 1, 460.0: 1, 466.0: 2, 491.0: 1, 500.0: 168, 528.0: 1, 537.0: 1, 564.0: 1, 566.0: 1, 588.0: 1, 614.0: 1, 640.0: 1, 718.0: 1, 763.0: 1, 800.0: 32, 834.0: 1, 852.0: 1, 861.0: 1, 887.0: 1, 1000.0: 122, 1001.0: 122}}
